100 0.000008 0.000022
200 0.000019 0.000086
300 0.000030 0.000194
400 0.000041 0.000347
500 0.000053 0.000532
600 0.000063 0.000759
700 0.000075 0.001066
800 0.000092 0.001456
900 0.000108 0.001891
1000 0.000126 0.002441
1100 0.000138 0.003012
1200 0.000151 0.003635
1300 0.000167 0.004293
1400 0.000185 0.005441
1500 0.000211 0.005859
1600 0.000224 0.006573
1700 0.000245 0.007358
1800 0.000260 0.008894
1900 0.000285 0.009835
2000 0.000302 0.010536
2100 0.000335 0.012016
2200 0.000345 0.013261
2300 0.000367 0.014775
2400 0.000378 0.015116
2500 0.000410 0.016456
2600 0.000435 0.016619
2700 0.000455 0.019302
2800 0.000464 0.022197
2900 0.000501 0.023539
3000 0.000514 0.024550
3100 0.000560 0.025417
3200 0.000550 0.025951
3300 0.000618 0.029668
3400 0.000594 0.029697
3500 0.000661 0.031438
3600 0.000685 0.033010
3700 0.000711 0.036541
3800 0.000736 0.037326
3900 0.000765 0.038934
4000 0.000792 0.042053
