23 34
29 9 19 4 28 26 13 4 8 1 13 23 23 9 28 9 2 30 9 13 30 30 2 28 21 6 14 26 20 13 26 7 19 3 
12 20 28 4 24 12 6 5 20 22 29 11 9 13 26 17 11 23 26 28 23 24 2 15 28 28 20 6 17 10 12 15 30 21 
4 3 27 24 16 12 11 18 8 15 4 15 14 14 21 19 9 22 15 19 21 21 12 28 12 28 13 29 15 1 9 3 15 24 
23 6 2 6 14 16 30 22 5 12 23 3 30 16 22 18 12 9 22 10 8 7 14 18 21 18 22 10 10 15 28 21 15 19 
5 18 14 28 21 1 8 23 9 12 27 11 10 24 14 3 15 10 11 21 19 4 6 23 11 1 24 27 14 8 1 12 10 21 
24 6 8 6 21 20 12 6 3 12 4 3 11 6 11 11 9 22 4 24 26 6 20 3 8 29 14 12 1 12 30 18 23 10 
7 11 30 26 10 15 14 16 23 9 27 28 13 13 20 17 12 12 5 20 28 4 27 12 16 4 12 12 8 1 28 13 24 23 
4 26 4 12 15 14 5 8 10 14 6 8 27 27 18 3 13 20 2 29 2 10 29 26 28 3 13 13 20 20 5 3 21 28 
10 1 27 2 2 16 12 8 20 21 20 22 20 19 4 8 11 12 2 6 12 29 23 5 13 8 23 13 1 16 20 12 10 28 
19 20 7 17 5 19 29 27 13 27 29 25 14 28 8 2 2 18 19 5 6 28 10 16 3 30 17 18 8 2 20 14 26 17 
15 25 6 13 14 14 9 26 7 12 21 7 17 3 12 21 1 8 19 22 6 14 4 19 7 8 6 21 16 7 21 19 24 2 
3 9 10 4 6 3 19 1 14 9 30 9 3 1 29 11 25 22 9 22 28 20 28 3 12 23 16 2 11 26 30 20 14 27 
16 28 7 3 17 21 12 5 2 14 7 3 18 8 25 12 21 14 12 27 20 26 1 25 7 2 11 22 5 23 7 3 12 20 
14 27 12 10 29 21 23 2 6 19 14 6 22 30 1 8 7 30 28 2 5 27 14 4 22 7 14 20 2 1 28 5 2 25 
11 28 17 10 17 21 15 11 10 28 15 8 28 20 19 20 20 21 10 18 21 8 2 29 2 5 8 27 12 25 27 2 6 21 
5 19 27 7 29 3 20 24 18 24 24 26 24 17 1 1 7 2 28 26 5 15 10 27 13 21 25 30 18 3 20 28 18 16 
7 7 1 16 11 20 28 13 7 13 17 10 10 27 1 10 18 8 29 13 20 20 12 3 7 22 7 25 9 18 17 29 29 10 
1 12 1 25 12 1 8 21 4 14 28 12 1 9 18 25 29 20 16 2 17 25 30 18 14 9 28 26 7 20 26 28 6 25 
5 14 30 23 21 26 5 13 21 17 19 13 17 3 16 12 19 26 10 7 18 1 16 23 6 16 15 13 29 17 20 9 13 17 
9 28 12 5 22 15 13 30 9 23 2 19 4 13 4 26 26 20 2 9 5 30 13 2 9 11 25 11 19 21 13 28 23 24 
7 27 14 19 20 10 9 12 30 28 12 22 5 29 15 14 1 29 25 16 22 5 9 2 18 29 21 19 5 22 20 17 27 3 
10 25 9 20 2 29 17 30 27 6 12 9 8 12 30 28 18 8 23 11 9 24 29 3 26 18 1 14 20 1 28 26 14 13 
24 20 5 14 4 17 6 12 2 18 18 29 30 24 24 18 26 7 1 29 9 8 28 25 3 28 15 19 30 1 3 8 24 28 
